&INDATA
! This file created by simsopt on May 21 2024, 17:03:25

! ---- Geometric parameters ----
NFP = 2
LASYM = F

! ---- Resolution parameters ----
MPOL = 5
NTOR = 5
NTHETA = 16
NZETA = 14
NS_ARRAY    =     45
NITER_ARRAY =   3000
FTOL_ARRAY  =  5e-13

! ---- Boundary toroidal flux ----
PHIEDGE = 72.74249757126178

! ---- Pressure profile specification ----
PMASS_TYPE = "power_series"
AM = 720979.4852999992 -706559.8955939967 2.4767359718680382e-08 -1.6568810679018497e-07 3.52680217474699e-07 -706559.895594321 692428.6976822272 
PRES_SCALE = 1.0

! ---- Profile specification of iota or current ----
NCURR = 1
CURTOR = -5501926.685789523
PCURR_TYPE = "cubic_spline_ip"
AC = -565.122002 1073086.32 -11502848.6 94687675.7 -485935665.0 1512005950.0 -2928528890.0 3565184740.0 -2655246940.0 1104717760.0 -196454275.0 
AC_AUX_S = 0.0 0.02040816326530612 0.04081632653061224 0.061224489795918366 0.08163265306122448 0.1020408163265306 0.12244897959183673 0.14285714285714285 0.16326530612244897 0.18367346938775508 0.2040816326530612 0.22448979591836732 0.24489795918367346 0.26530612244897955 0.2857142857142857 0.3061224489795918 0.32653061224489793 0.3469387755102041 0.36734693877551017 0.3877551020408163 0.4081632653061224 0.42857142857142855 0.44897959183673464 0.4693877551020408 0.4897959183673469 0.5102040816326531 0.5306122448979591 0.5510204081632653 0.5714285714285714 0.5918367346938775 0.6122448979591836 0.6326530612244897 0.6530612244897959 0.673469387755102 0.6938775510204082 0.7142857142857142 0.7346938775510203 0.7551020408163265 0.7755102040816326 0.7959183673469387 0.8163265306122448 0.836734693877551 0.8571428571428571 0.8775510204081632 0.8979591836734693 0.9183673469387754 0.9387755102040816 0.9591836734693877 0.9795918367346939 1.0 0.0 0.0 0.0 0.0 0.0 0.0 0.0 0.0 0.0 0.0 0.0 0.0 0.0 0.0 0.0 0.0 0.0 0.0 0.0 0.0 0.0 0.0 0.0 0.0 0.0 0.0 0.0 0.0 0.0 0.0 0.0 0.0 0.0 0.0 0.0 0.0 0.0 0.0 0.0 0.0 0.0 0.0 0.0 0.0 0.0 0.0 0.0 0.0 0.0 0.0 0.0 
AC_AUX_F = -2316125.6413553883 -3210739.6580493436 -3931677.2491214327 -4497772.124094418 -4927857.992491072 -5240768.563834157 -5455337.547646441 -5590398.65345069 -5664785.590769674 -5697332.069126153 -5706871.798042899 -5712238.487042676 -5732265.8456482515 -5783755.592033045 -5865823.593737249 -5968479.386698426 -6081657.247915268 -6195291.454386468 -6299316.283110721 -6384328.184335161 -6449913.272327736 -6502136.36441912 -6547205.307361658 -6591327.947907689 -6640712.132809554 -6701290.9100237535 -6772676.955202424 -6848162.571693342 -6920765.264048441 -6983502.536819657 -7029391.894558922 -7051477.39267961 -7044005.742281631 -7002892.425274432 -6924175.844222258 -6803894.401689356 -6638086.500239969 -6422803.989658664 -6155725.833388902 -5837691.091649688 -5469901.899608702 -5053560.392433626 -4589868.70529214 -4080028.9733519284 -3525243.3317806753 -2926713.915746057 -2285642.860415757 -1603232.3009574579 -880684.3725388413 -119201.21032758916 

! ---- Other numerical parameters ----
DELT = 0.9
NSTEP = 200

! ---- Boundary shape. Array index order is (n, m) ----
RBC(   0,   0) =  1.113616556997915e+01,    ZBS(   0,   0) =  0.000000000000000e+00
RBC(   1,   0) =  5.664177537229008e-01,    ZBS(   1,   0) = -1.034980787274816e+00
RBC(  -1,   1) =  1.376060027788054e-01,    ZBS(  -1,   1) =  3.144221228778194e-02
RBC(   0,   1) =  2.489131612470176e+00,    ZBS(   0,   1) =  1.721600323818844e+00
RBC(   1,   1) = -6.842961769315047e-01,    ZBS(   1,   1) =  3.445340241660290e-01
/

