&INDATA
! This file created by simsopt on May 08 2024, 16:35:11

! ---- Geometric parameters ----
NFP = 2
LASYM = F

! ---- Resolution parameters ----
MPOL = 5
NTOR = 5
NTHETA = 16
NZETA = 14
NS_ARRAY    =      5     21
NITER_ARRAY =    600   2200
FTOL_ARRAY  =  1e-09  1e-12

! ---- Boundary toroidal flux ----
PHIEDGE = 50.874692145466405

! ---- Pressure profile specification ----
PMASS_TYPE = "power_series"
AM = 720979.4853000006 -720979.4853000118 9.202631190419197e-08 -2.9310467652976513e-07 4.507601261138916e-07 -720979.4853003353 720979.4853000971 
PRES_SCALE = 1.0

! ---- Profile specification of iota or current ----
NCURR = 1
CURTOR = -675715.4092949796
PCURR_TYPE = "cubic_spline_ip"
AC = -565.122002 1073086.32 -11502848.6 94687675.7 -485935665.0 1512005950.0 -2928528890.0 3565184740.0 -2655246940.0 1104717760.0 -196454275.0 
AC_AUX_S = 0.0 0.02040816326530612 0.04081632653061224 0.061224489795918366 0.08163265306122448 0.1020408163265306 0.12244897959183673 0.14285714285714285 0.16326530612244897 0.18367346938775508 0.2040816326530612 0.22448979591836732 0.24489795918367346 0.26530612244897955 0.2857142857142857 0.3061224489795918 0.32653061224489793 0.3469387755102041 0.36734693877551017 0.3877551020408163 0.4081632653061224 0.42857142857142855 0.44897959183673464 0.4693877551020408 0.4897959183673469 0.5102040816326531 0.5306122448979591 0.5510204081632653 0.5714285714285714 0.5918367346938775 0.6122448979591836 0.6326530612244897 0.6530612244897959 0.673469387755102 0.6938775510204082 0.7142857142857142 0.7346938775510203 0.7551020408163265 0.7755102040816326 0.7959183673469387 0.8163265306122448 0.836734693877551 0.8571428571428571 0.8775510204081632 0.8979591836734693 0.9183673469387754 0.9387755102040816 0.9591836734693877 0.9795918367346939 1.0 0.0 0.0 0.0 0.0 0.0 0.0 0.0 0.0 0.0 0.0 0.0 0.0 0.0 0.0 0.0 0.0 0.0 0.0 0.0 0.0 0.0 0.0 0.0 0.0 0.0 0.0 0.0 0.0 0.0 0.0 0.0 0.0 0.0 0.0 0.0 0.0 0.0 0.0 0.0 0.0 0.0 0.0 0.0 0.0 0.0 0.0 0.0 0.0 0.0 0.0 0.0 
AC_AUX_F = -106661.3660078124 -266059.95577547373 -284994.5882990061 -250262.29617712137 -248660.11200853158 -342066.6065809094 -464248.3791019579 -526921.7535972042 -552773.9713036747 -596075.0701657134 -654039.6117267447 -703489.274305077 -743231.1577874834 -781348.3981337431 -818649.3470857257 -852361.3042153791 -881605.2933047219 -906667.1814427867 -928480.1765231419 -948274.6196489498 -965769.052261731 -979651.7687461666 -989613.8294766955 -996167.3291190999 -999754.6242783467 -1000689.4073495271 -998244.4546994308 -990733.043940495 -978636.7832566447 -964837.866473032 -949976.8359029101 -931773.0474587895 -908986.3921785033 -882076.2445009784 -851623.5746094078 -818197.679271574 -781861.4312075693 -741805.0822879692 -697678.1111183901 -650189.9823671362 -599833.2321255466 -546362.1214706367 -489591.76150776236 -429724.707356244 -366834.8024512008 -300479.26185937045 -230326.67323861812 -156669.2554470228 -79920.52693750254 -494.0061629754144 

! ---- Other numerical parameters ----
DELT = 0.9
NSTEP = 200

! ---- Boundary shape. Array index order is (n, m) ----
RBC(   0,   0) =  1.113616556997915e+01,    ZBS(   0,   0) =  0.000000000000000e+00
RBC(   1,   0) =  1.429082401661827e+00,    ZBS(   1,   0) = -1.676505611472024e+00
RBC(  -1,   1) =  1.701792371337197e-01,    ZBS(  -1,   1) =  1.807603586814979e-01
RBC(   0,   1) =  1.573478207471334e+00,    ZBS(   0,   1) =  2.616083142177029e+00
RBC(   1,   1) = -1.033381044874130e+00,    ZBS(   1,   1) =  1.247393699651529e+00
/

