EXTCUR(1)  =   1.58053409454166E+05
EXTCUR(2)  =   1.57753326453726E+05
EXTCUR(3)  =   1.58414980219790E+05
EXTCUR(4)  =  -1.58053409454166E+05
EXTCUR(5)  =  -1.57753326453726E+05
EXTCUR(6)  =  -1.58414980219790E+05
EXTCUR(7)  =   1.58053409454166E+05
EXTCUR(8)  =   1.57753326453726E+05
EXTCUR(9)  =   1.58414980219790E+05
EXTCUR(10) =  -1.58053409454166E+05
EXTCUR(11) =  -1.57753326453726E+05
EXTCUR(12) =  -1.58414980219790E+05
EXTCUR(13) =   1.58053409454166E+05
EXTCUR(14) =   1.57753326453726E+05
EXTCUR(15) =   1.58414980219790E+05
EXTCUR(16) =  -1.58053409454166E+05
EXTCUR(17) =  -1.57753326453726E+05
EXTCUR(18) =  -1.58414980219790E+05
EXTCUR(19) =   1.58053409454166E+05
EXTCUR(20) =   1.57753326453726E+05
EXTCUR(21) =   1.58414980219790E+05
EXTCUR(22) =  -1.58053409454166E+05
EXTCUR(23) =  -1.57753326453726E+05
EXTCUR(24) =  -1.58414980219790E+05
